00
0
29
13
13
3
-1
6
-1
-1
3
8
-3
7
7
1
2
3
3
5
0
3
10
5
7
16
10
-11
-11
0
0
0
3
0
0
0
17
0
-2
0
0
1
0
0
0
4
0
0
0
0
0
0
0
-11
0
0
0
7
0
0
0
2
0
0
0
3
0
0
0
4
0
0
-2
-2
0
0
0
0
14
-8
2
3
0
0
0
0
0
0
0
0
0
0
0
0
0
0
0
0
0
0
0
-1
0
0
0
2
0
2
3
6
0
0
0
0
0
0
0
0
0
0
0
0
0
0
0
0
0
0
0
0
2
0
0
0
0
0
0
0
0
0
0
0
0
0
-1
0
-1
1
0
0
-1
-1
4
3
0
0
0
0
0
0
0
4
0
0
-1
0
0
0
0
0
0
0
0
0
0
0
0
0
0
0
0
0
0
0
0
0
0
0
0
0
0
0
0
0
0
3
0
0
0
0
0
0
6
6
6
6
8
8
0
0
1
4
0
6
10
-3
2
0
1
0
9
0
10
15
-4
9
-1
6
5
7
0
0
0
0
0
0
0
0
0
0
0
0
0
0
0
0
0
-22
13
2
-1
0
0
0
0
0
0
0
0
0
0
1
9
2
3
2
0
1
16
16
-2
15
-5
0
0
3
2
-1
0
-1
4
2
-1
0
0
0
0
2
0
0
0
4
-3
-1
7
-2
0
-1
0
0
1
0
-3
0
0
5
0
0
0
0
0
0
0
-1
-1
-1
-1
3
0
-2
0
3
-1
-1
0
2
3
0
4
-1
2
7
-2
6
0
0
-2
0
-1
0
0
0
-2
0
0
0
0
0
0
0
0
0
0
0
0
2
0
0
-2
0
0
0
0
0
0
-1
0
-1
0
0
0
0
0
0
0
0
0
0
0
0
0
0
0
0
0
0
0
9
0
1
2
0
0
0
-1
0
0
0
1
-2
0
-1
0
0
0
0
-1
-8
-2
-1
-2
-1
0
-4
3
0
-1
0
0
4
0
0
3
2
4
4
0
